image_file_name:
IMG_007.jpg
rectangles:
778.978475 355.040121 2.129396 0.000000 0.000000 4.000000 1.000000 
958.747781 455.886316 0.588003 0.000000 0.000000 7.000000 1.000000 
776.786167 515.078649 -2.925508 0.000000 0.000000 18.000000 1.000000 
970.805478 595.097913 0.197396 0.000000 0.000000 19.000000 1.000000 
801.997716 692.655646 -0.141897 0.000000 0.000000 12.000000 1.000000 
594.824553 621.405616 2.686492 0.000000 0.000000 12.000000 1.000000 
557.555306 435.059385 -1.657535 0.000000 0.000000 8.000000 1.000000 
