image_file_name:
IMG_006.jpg
rectangles:
563.426756 399.807164 0.154717 0.000000 0.000000 10.000000 1.000000 
680.990969 394.890030 2.062325 0.000000 0.000000 21.000000 1.000000 
798.555203 417.240640 2.225367 0.000000 0.000000 16.000000 1.000000 
985.427205 478.544699 1.475198 0.000000 0.000000 3.000000 1.000000 
592.282234 567.818865 -1.069783 0.000000 0.000000 14.000000 1.000000 
700.636002 561.434580 -1.226889 0.000000 0.000000 6.000000 1.000000 
834.247444 560.598898 1.349268 0.000000 0.000000 7.000000 1.000000 
554.402506 697.582914 0.011904 0.000000 0.000000 5.000000 1.000000 
732.831465 712.674028 1.794571 0.000000 0.000000 8.000000 1.000000 
872.970994 702.841198 -1.232241 0.000000 0.000000 23.000000 1.000000 
